61
13
-19
74
-94
4
-14
-13
69
-41
-1
26
27
-38
-15
-54
-83
1
92
-41
35
-62
-84
-95
-61
-66
-43
86
75
78
89
54
-38
-89
92
-87
-65
-27
15
95
-22
-55
37
16
-71
-22
64
86
-97
-23
-18
-9
-2
-11
29
29
-57
23
78
15
-3
33
73
97
0
24
-30
31
-46
-19
-100
22
68
-5
-81
81
97
16
-5
77
63
31
-31
-96
-58
-20
-77
59
-64
-89
78
-69
98
90
37
-66
-21
-95
73
-99
0
44
67
-57
77
-13
-56
1
-38
41
65
9
89
0
89
62
35
64
19
-83
-41
23
-25
-33
-93
88
13
83
-56
70
-86
-15
24
72
26
48
-93
10
74
-76
88
-99
95
32
-94
-98
100
17
32
23
-98
40
24
73
-41
66
12
100
21
-30
31
-64
91
-66
-22
-55
4
-52
7
18
-19
-3
7
-1
-11
42
39
-3
-3
-58
2
26
-38
31
-77
-80
-55
60
89
-97
51
-9
98
77
-75
-6
-57
-48
73
-90
-7
-69
-44
-87
-97
35
-78
71
-17
25
70
0
-85
47
-65
-56
-29
-41
-82
-53
86
10
27
-72
25
54
-3
13
-75
51
2
-21
48
-36
53
43
0
96
-76
82
38
43
-61
-2
-74
-59
-26
-33
92
96
-82
-90
30
45
78
8
71
-63
36
-11
-49
-67
-68
-88
-72
-42
73
29
72
-81
-75
2
25
92
79
86
39
42
76
-32
78
-84
46
-35
36
-37
5
-19
42
-38
-63
31
2
3
-72
-46
78
-66
-75
-56
64
74
-20
97
59
-1
-20
81
-52
-91
28
-23
-5
-7
-51
25
72
-81
36
55
-3
33
-65
20
100
-22
-23
-53
4
-22
54
58
-62
-20
-74
-76
-6
5
-72
89
18
48
32
86
-28
-43
73
-68
-98
88
-21
-93
38
94
-45
81
-14
-61
-94
-88
-100
-24
-95
71
-81
20
31
-32
-96
33
77
-75
45
4
-100
-36
-49
85
0
100
13
31
-13
31
-77
-35
13
-71
78
55
-41
91
17
-98
-41
32
-52
52
39
50
60
82
-97
31
68
30
77
-47
-31
10
16
-55
-32
85
-86
78
-89
-35
-31
-32
-63
27
-10
-36
-88
81
49
-65
79
82
76
-24
19
-14
8
53
34
46
1
-36
37
15
25
-71
-41
72
-10
93
-83
41
-84
22
43
-31
-89
-73
56
20
57
33
-18
-53
44
-41
92
-9
56
-82
97
9
37
80
73
-73
3
-42
-54
51
-8
93
-45
23
-10
97
-46
-38
-13
76
-45
45
-13
68
-69
-57
-40
-44
99
-25
47
100
-86
-92
40
-89
-63
-23
-19
-16
-35
-99
-99
-7
48
-22
-81
49
-59
60
-74
-13
8
47
55
49
-30
-44
-79
-81
82
-24
38
-22
95
-98
-38
-36
-97
55
-8
38
59
-54
-31
-41
-30
99
-64
47
-78
62
22
-83
61
-87
55
1
-94
-47
-91
53
-56
-46
56
52
19
-97
21
45
-50
-5
-40
57
73
19
-75
5
-44
-5
85
66
-53
-48
31
-63
-14
0
-6
87
-63
-31
89
40
43
62
-61
-78
35
45
59
100
-30
100
58
-3
-28
92
80
-20
58
77
99
6
66
81
79
-92
80
-31
22
-46
-50
62
-94
78
-77
-48
12
-13
12
61
-11
97
88
96
27
-74
34
-63
49
96
-52
-76
-76
45
-95
72
15
-4
46
-1
39
35
-94
49
-2
-92
80
60
-86
52
-92
41
-89
-71
-44
-5
75
-95
-65
-36
-69
-49
99
52
26
14
-50
-18
92
73
59
-94
-79
92
47
40
-87
-36
-47
-41
-38
71
83
19
-11
-5
92
-24
53
-98
-62
30
52
29
1
40
-19
33
-55
20
12
-91
12
-13
54
31
-15
-42
-68
-20
12
-94
-48
-9
-6
95
56
-39
48
44
-86
23
-85
-67
75
-18
-17
-17
-59
2
42
-12
44
-39
-32
90
53
-32
-3
-27
1
52
-12
23
-10
71
-29
55
29
-45
71
-66
41
33
0
34
79
-36
-36
9
-6
-70
45
-16
88
-13
52
-64
66
-71
33
7
65
11
-50
1
-4
-21
6
90
93
41
-67
61
94
75
23
28
88
-50
-71
-73
55
30
-98
-84
25
-94
79
-86
-73
-10
-3
-100
-22
-28
-19
-97
82
-9
-35
-62
-19
78
-73
-71
-95
30
-90
87
-89
-10
26
-56
-36
86
13
87
66
30
-35
-46
-45
82
-23
80
-39
-27
61
-53
-52
34
-66
51
-60
-83
82
6
79
-21
-5
-69
28
20
-65
9
55
-68
59
-48
-94
-46
22
29
58
-15
-1
-66
-16
-48
-47
96
1
19
26
10
-26
79
94
21
99
89
77
32
50
-20
-7
-43
-21
-34
-62
70
66
43
-75
-3
75
97
56
-87
58
33
-16
-90
30
100
4
-96
50
70
78
-17
78
64
78
51
44
-69
-14
-37
-42
48
-62
43
-57
-74
88
-79
77
-84
99
25
-70
27
42
-83
50
90
92
26
25
27
31
-56
38
-61
-71
37
-6
90
-27
0
21
12
95
-95
-95
-10
16
-78
17
-71
-77
98
72
-46
-12
-39
67
-70
-32
-64
1
-15
53
86
28
-66
-52
57
18
-46
-68
-64
17
-25
20
-52
98
-81
53
-37
-94
-51
18
-29
77
99
1
-18
29
-97
26
75
43
77
16
0
81
88
-28
27
21
-92
95
-25
-87
-62
-23
3
60
-67
98
-79
6
-74
25
71
10
-33
2
29
-13
-22
-90
-8
-94
6
-65
13
-44
7
-69
47
-85
-21
92
66
-81
58
21
-77
33
97
-48
-100
63
-67
-7
37
87
83
-92
4
0
54
25
88
-34
-88
-10
51
-59
65
-60
3
-88
-35
-68
22
-38
-11
-58
-52
6
-68
-84
-72
-49
85
84
91
79
-1
-85
-90
-36
87
1
53
42
35
-12
47
-66
64
95
-2
-15
-48
27
68
-82
-95
2
15
75
-56
90
52
83
-80
-8
71
39
-75
-65
65
23
-28
74
33
72
34
11
-95
-73
-7
92
75
67
-46
36
-9
85
-27
71
-12
-67
-11
-85
90
41
87
39
-15
39
-21
-15
-78
-6
88
-5
50
90
-59
63
98
-48
9
47
47
99
43
-57
20
31
19
-96
83
84
-14
10
26
-3
19
51
53
-15
-26
40
12
19
87
86
74
96
77
-50
-75
4
66
79
-39
51
45
90
-46
69
-2
39
32
-15
-47
-58
48
-73
-75
4
-14
4
-10
48
12
91
-32
72
-84
-53
-31
-85
63
-32
55
2
43
35
49
-12
51
26
57
28
-23
36
24
-46
51
-69
-42
29
86
-28
10
85
-65
-81
100
63
-54
-80
10
70
-63
90
52
27
49
47
-12
1
73
60
-65
10
-59
53
-1
-57
-92
-16
92
-5
62
-99
13
-7
80
87
5
92
45
10
49
-12
66
97
-18
9
78
7
-20
-16
13
98
20
87
18
95
-68
84
-40
37
67
28
35
46
62
73
43
88
-52
47
40
21
25
87
67
45
8
70
-41
84
57
-7
98
-8
-36
-61
29
-75
24
-19
12
82
-34
99
35
27
-73
-30
-22
-18
-92
83
57
13
-51
-35
-8
20
-44
70
-27
-73
86
-21
21
-48
-4
-8
-10
25
32
-37
-88
-21
19
29
-12
19
11
38
99
-72
-38
92
11
-17
-65
39
83
-40
7
-64
-94
-99
-85
-26
95
90
-53
-95
23
-28
73
-96
60
28
-74
-52
5
-15
-36
-55
-23
9
17
26
-31
-100
-43
-18
11
50
-85
38
-74
-82
96
-38
48
-44
-98
-44
-62
89
-37
8
-13
-60
59
-23
-39
-95
-39
-9
83
-85
62
0
19
67
-88
78
-61
-24
-69
8
75
-15
-61
38
-42
82
31
100
99
83
60
-46
-34
-40
-25
-90
39
-28
89
74
-94
59
-6
-71
26
51
49
46
12
-46
-16
-62
-78
-83
97
-68
31
-52
-28
-89
-18
-59
45
8
-26
94
100
-13
-30
1
2
-55
-96
75
-46
-44
-13
79
-23
-100
-77
36
79
-67
22
96
44
77
19
-5
-7
-34
-58
76
-38
86
-67
-47
44
-93
90
-43
-89
25
-44
35
-6
63
-66
-93
75
-21
95
-20
-63
77
99
87
-84
72
38
32
61
2
-51
23
-82
-100
24
-41
20
-94
-97
72
-30
51
10
-70
-35
55
-78
28
-71
-1
21
98
-68
79
58
95
49
-22
25
75
-36
-57
99
10
35
42
-95
53
-75
9
28
-33
79
97
84
-16
73
93
-50
45
28
-4
-43
90
-79
39
-6
-46
68
21
19
85
-18
-26
-77
3
32
-9
34
63
97
14
-95
-45
-50
-73
23
-48
92
92
70
22
-44
-7
-66
-76
-51
-86
64
-50
-27
4
-11
17
14
-56
13
73
-43
87
73
-22
-40
96
28
97
-54
-73
79
14
7
-23
34
95
-5
-100
-65
45
-37
91
-80
6
65
99
-58
-45
95
11
-58
43
59
23
73
-93
0
-79
-75
-49
-100
-19
29
10
-36
-98
79
-65
20
-27
11
-83
93
73
49
-38
-57
8
-12
-72
-63
91
-86
85
68
5
8
82
6
-46
9
-65
-81
-53
-18
-89
-63
63
12
65
-38
32
72
-91
70
-32
-87
-31
-24
-37
-93
71
87
22
-60
-71
-80
93
-67
24
-31
-66
-16
30
16
-94
-8
21
95
-37
-16
-89
63
-6
69
1
-98
89
-58
57
-66
-82
25
-63
-76
-22
98
-54
-34
13
35
-57
-13
7
96
82
52
-17
22
71
62
-66
52
44
40
86
-6
-66
-56
-19
40
85
16
-61
-74
87
96
-15
-91
99
-86
-12
66
-57
51
-89
54
24
75
7
-70
100
-39
68
-69
74
35
47
88
-24
-68
-77
4
11
78
-66
94
96
-42
-96
-53
100
3
90
74
-87
-61
-5
-23
27
-20
-4
-58
-10
-19
70
-73
-55
-53
-80
37
45
-53
99
55
-33
19
-5
-96
-99
90
-13
-38
-90
-98
-99
-86
-96
42
84
43
19
100
-83
2
59
3
60
-47
-29
61
31
34
-11
14
75
-53
70
90
-8
-68
15
99
-57
3
88
-26
24
-55
80
-62
-10
51
30
65
-14
-34
60
20
49
54
-27
-98
69
71
-23
-79
-57
3
-19
47
41
4
66
34
22
57
-21
-36
-99
12
-100
-96
-62
-84
7
85
-37
65
-21
47
-38
41
65
-99
-44
-72
54
9
-11
21
-55
82
48
40
10
55
20
51
-71
5
100
-37
-14
54
13
-17
86
-66
67
-48
2
7
-45
-92
-93
60
81
56
34
5
65
56
-54
-38
22
54
-59
-58
45
10
-59
-6
-1
-80
-55
22
10
-15
-19
-49
-91
-17
-4
98
-69
-8
-33
72
-100
88
85
-10
-75
79
45
-43
98
-29
-29
-77
5
-74
97
-19
96
99
-37
81
38
-10
25
27
46
-44
39
46
34
-100
-28
-43
-86
32
-53
61
-34
58
57
46
28
-27
-80
-65
76
-36
86
-71
-50
-6
-12
-83
96
76
-32
-98
43
44
-3
-82
-56
27
-6
-17
-26
-10
84
-3
57
-90
-77
49
-31
-79
97
75
-88
19
81
81
-38
-13
-47
-68
-15
70
-30
-5
-99
7
74
-65
78
50
-56
92
37
98
68
-81
80
74
-34
-7
-77
-80
27
-2
86
96
-55
61
32
-13
80
70
-86
-9
24
82
100
-59
-60
-3
60
72
83
-3
32
89
12
-41
51
-37
12
74
-19
-85
45
-64
-7
-83
-36
73
-23
-87
-66
41
-25
23
-31
24
19
74
-21
-20
14
47
39
69
68
-27
91
-21
-16
-53
33
21
-22
-44
10
55
11
-71
13
-40
4
97
85
-71
73
-76
71
36
42
30
-15
-67
-55
67
34
-51
-18
-1
-22
-51
31
89
22
93
11
78
-85
47
89
-94
94
35
-97
56
79
90
-42
7
-21
13
-72
100
-71
-83
-22
-20
-75
39
75
-1
7
-54
-62
74
-47
14
72
54
-50
-38
51
0
-14
51
-87
-8
72
-47
-26
-21
-86
86
54
-16
-46
78
-21
32
-81
91
-26
19
74
-65
100
-56
45
2
-12
-87
81
39
30
-67
21
28
-61
-32
-33
37
-42
-62
-92
10
12
25
54
82
-94
-97
-93
88
-65
50
42
-100
15
-41
-59
41
-64
-23
-96
71
61
82
-72
92
35
-29
64
-12
98
-56
85
72
-97
77
47
-43
-3
-57
55
-47
64
81
51
-100
37
60
16
70
16
-39
50
13
47
60
56
-31
49
-57
0
1
22
60
23
48
-84
-74
-83
-100
-3
4
53
20
84
15
24
41
-65
69
29
87
-40
-82
-2
-65
65
5
29
-95
64
3
1
95
-79
58
-63
-81
-87
16
-41
-99
16
64
-28
-34
95
-14
-29
-64
-57
-41
46
-33
98
79
-39
77
49
60
69
-18
-29
75
83
43
-34
-31
39
11
10
-80
-81
-70
-83
21
1
72
-22
-57
-81
-44
-27
-1
-20
44
-42
-59
24
23
-90
-46
30
89
59
70
-43
-77
-2
50
22
88
-41
49
-24
46
62
73
-39
72
61
11
-57
-91
21
-46
87
-8
58
-54
93
93
-2
62
-80
71
79
44
16
-25
30
-91
-79
-88
-11
-70
-49
-32
-21
59
12
76
-17
-17
65
77
19
14
11
-1
-95
75
81
-7
65
61
-15
-55
23
3
76
-4
-96
64
-94
-9
-84
36
13
-84
-68
-67
-73
62
-25
62
36
67
-92
98
97
-99
29
-96
59
-84
-7
80
-12
-29
89
-22
49
81
-15
70
30
-31
99
-42
79
90
-44
-99
37
77
-17
-100
-31
34
36
-75
69
-27
-62
-44
-84
100
23
47
49
28
-4
-10
-59
-25
-6
9
50
-57
37
94
68
-85
-84
1
89
-89
-26
99
35
57
24
51
-58
49
43
-52
-87
97
12
-33
14
95
-23
23
91
41
58
9
14
94
-5
38
-3
38
-80
-28
81
86
69
19
58
-74
-39
-8
-55
-31
36
-50
-92
-72
93
6
-16
38
49
-68
-25
-85
-5
24
-33
-12
4
91
-53
23
-47
12
-58
12
98
60
-12
-11
68
-79
66
-79
-55
-17
95
88
71
-7
96
28
13
33
36
67
58
-74
-5
-4
-60
-29
-56
79
-28
21
99
40
35
45
41
80
-41
10
-26
-30
55
70
-61
55
-45
-42
21
50
60
-35
19
41
-65
99
-59
-78
27
4
-48
11
54
11
10
-1
-98
37
14
-89
-10
45
26
-29
-37
-16
28
-99
0
-71
-75
81
88
-83
-23
-59
-34
-68
-52
61
-17
-20
-90
72
54
64
-63
-93
-89
27
-51
-44
25
72
-95
-89
96
77
-96
-53
88
-81
74
94
86
100
-24
71
-33
-98
-31
28
93
-16
63
61
-8
71
28
52
-53
-12
6
71
-11
29
-31
-53
-59
-13
-90
-97
-36
43
34
-95
-16
69
56
-52
-24
-25
-15
17
-90
-14
-5
29
-56
-52
14
-38
24
77
43
74
61
50
-9
-82
48
-24
-25
-13
85
79
81
30
-18
98
73
27
91
96
-70
-97
51
-17
-25
13
-46
26
42
-11
-21
98
-50
-49
-18
91
49
80
-84
-45
2
-1
38
1
12
8
18
68
-53
2
55
-35
-51
-74
-38
-70
-94
92
16
64
-46
75
-54
-66
47
-9
68
71
-58
-17
83
14
-49
-82
71
94
16
-50
-12
43
-81
-41
39
-45
86
68
-89
-6
-49
-32
42
11
32
22
-40
83
11
-4
-71
52
79
-49
-11
-8
10
80
31
-61
7
44
57
-20
21
92
48
-34
46
-94
-79
34
59
63
-62
37
95
-46
72
2
81
54
99
-90
-19
20
-22
73
-42
-19
-52
-89
-14
7
41
-94
-44
-58
-87
0
69
86
-93
89
11
66
99
99
43
-45
27
4
-45
7
-8
-38
-6
-35
70
87
-11
-45
-47
-90
-47
-7
-37
31
-74
32
-41
6
88
-48
-21
47
9
-63
-57
42
96
-66
-45
-73
-4
86
78
50
48
74
-99
88
38
84
-98
-79
90
14
5
3
-31
-20
0
12
26
-76
-41
-4
70
-7
100
-70
-35
-39
-100
-28
-10
89
-94
-25
73
3
45
51
-25
87
47
-87
-9
-3
-49
67
71
50
-68
-59
-66
27
9
41
-26
-58
-93
79
8
11
5
-20
-19
-37
74
85
74
7
-47
51
78
-24
9
23
-67
17
-41
-71
57
18
76
-37
45
7
-10
-3
38
72
-84
-74
2
-16
-47
-5
84
76
-2
99
93
-17
36
-30
73
-56
10
70
56
16
-97
63
-17
-87
82
4
-32
42
31
49
-47
94
-49
57
-12
-76
-29
-49
-37
-31
-66
89
-70
86
34
86
-4
-74
89
67
12
-60
74
43
-37
-42
-98
-39
86
87
-33
25
-74
-41
-68
77
57
-3
82
-86
53
-1
-72
52
-72
-18
-53
-5
-4
38
45
-70
77
90
-42
10
3
62
-20
-76
82
57
-77
-78
-26
51
-52
-32
80
77
94
-26
11
33
74
-55
-97
-68
35
76
0
-46
37
58
-22
-24
89
-59
33
-69
67
-51
43
98
91
-48
-5
-12
18
-37
-47
-87
77
-70
86
35
63
52
-36
-48
-56
3
40
-13
99
-86
32
18
1
-82
-58
49
-38
-39
-7
-7
-62
-79
-26
17
90
-66
78
38
48
-30
20
11
71
8
54
63
-18
-85
-44
-57
54
83
63
-96
-6
-3
45
51
-83
2
-21
-55
-49
-53
32
94
53
9
-8
-82
77
-38
-39
-70
100
24
-36
94
7
44
42
95
7
32
80
-14
16
99
30
38
-42
90
-100
-88
5
25
-35
73
1
-55
-73
90
-85
30
99
54
-48
49
-34
19
12
-29
13
-38
-92
8
55
-48
18
-1
26
99
3
3
-73
95
-52
53
-40
7
-29
-93
-28
82
-72
4
31
5
83
20
85
-26
34
30
44
-96
77
-12
91
31
-10
-52
73
55
-65
-29
-14
65
28
-24
-47
-42
-70
89
-39
56
-19
-46
-76
-14
-96
-19
84
57
23
84
-8
-58
-48
59
97
-11
-52
69
-13
-6
-53
90
-87
-90
-57
54
97
-32
-66
-85
-25
-55
-33
7
-99
-32
-40
20
-35
52
51
-96
48
0
50
88
31
-84
-100
-72
-10
-27
15
12
-72
-59
-32
-29
16
48
-39
38
23
79
68
44
37
100
80
-82
-15
88
83
22
-26
20
-90
-61
-66
-10
62
-96
83
60
59
-91
-92
-74
41
-62
75
-65
-99
-9
97
-64
0
-96
-25
-59
23
-66
-40
6
-39
29
-76
44
76
53
46
23
-26
27
41
-97
-66
-52
-4
29
-72
-21
-13
-34
99
44
18
45
68
96
15
13
-8
59
84
-31
-43
-42
0
65
-75
-4
1
72
-18
75
-37
-25
78
84
-95
-96
-28
-84
59
-75
52
-39
-6
14
-83
-100
60
16
50
-47
34
6
-27
-100
68
26
27
73
-94
28
-100
-71
18
16
-79
92
-36
79
93
72
-77
45
87
82
44
96
-100
10
-14
-40
-73
24
-40
-3
34
-89
29
74
75
-26
-68
-30
25
89
25
-18
-32
62
-53
-27
74
-68
72
38
23
-69
-24
14
-1
-56
-19
-17
44
96
-8
94
-84
71
40
12
21
25
94
55
39
100
96
57
-9
-80
38
-41
-3
-3
47
-8
0
-33
-74
-100
-6
36
-81
88
-19
39
93
-75
84
-36
66
80
37
-52
0
94
64
-45
85
-76
-35
-59
25
-33
-37
-4
-42
-59
-75
28
100
92
39
59
-61
95
59
-55
45
56
89
76
-55
-58
85
-43
17
-52
35
-45
-20
26
21
-21
10
-45
-80
-81
-81
-50
29
55
-95
22
-56
-38
87
99
57
26
97
84
42
-94
-14
-56
93
28
-30
-86
-78
72
-43
-4
-88
-89
54
-40
-70
31
-81
-23
37
-48
-37
-71
78
-9
-70
-2
23
14
77
-73
-82
29
77
-47
13
-54
64
67
12
80
-26
-27
76
-71
-87
75
78
-9
84
-75
45
56
-16
-31
87
35
48
-75
64
-93
-28
-27
75
27
-63
65
47
-86
-40
49
-66
-12
-90
-27
-48
69
-80
-42
-19
-27
38
75
37
-81
-23
99
65
-26
-30
65
-18
91
25
41
-16
78
71
-7
-53
78
26
41
9
66
24
71
-53
-81
-79
-71
-64
-46
47
29
-32
-21
-38
-52
-61
6
-9
29
24
-70
77
72
50
3
-83
-86
57
90
-77
9
-29
-34
-82
90
16
-46
68
-63
-6
93
-99
87
44
-5
-6
88
-9
30
-53
-65
-35
42
-52
1
29
-64
5
-28
-1
49
-100
6
-4
-7
-53
77
66
85
-64
-72
82
-68
-99
53
-25
44
-22
83
87
-100
78
-49
-58
99
-12
93
-29
59
32
6
53
99
28
97
-66
-93
9
29
-75
-73
51
-47
15
-25
21
12
49
-17
-76
12
-22
-31
38
-77
96
-52
-6
15
-52
-56
-74
-56
86
41
-51
-3
-25
-43
0
66
24
-2
-23
61
69
73
-79
49
-89
22
44
-6
-82
-59
53
-7
87
91
27
93
75
-60
-54
92
50
-81
-26
-38
42
65
30
10
-37
1
-14
-22
-4
87
-100
-43
-98
0
-19
-69
-67
97
63
-76
-83
-61
92
-65
47
-3
-3
-44
-76
82
-8
-42
0
-63
-74
38
90
75
85
5
79
8
54
-32
15
88
71
-1
-37
-50
11
-73
-7
32
74
44
-21
-70
-42
2
2
10
-83
-34
-36
-100
-45
13
11
-68
-67
-94
-77
-96
-24
73
93
83
-42
-48
53
-23
-88
99
-83
7
-95
-3
-60
-60
86
-16
-87
39
-80
-6
31
-46
70
25
63
-90
57
78
-80
69
-94
-94
-43
-11
26
50
-67
17
38
-67
21
-52
-99
41
5
-96
45
71
-83
47
76
14
-93
-30
75
70
94
41
-24
32
24
-6
61
-86
-83
97
-21
61
-21
-26
96
-77
-36
36
-64
-4
-49
28
-65
-67
-70
71
96
-37
83
85
83
38
-30
52
-26
9
9
-19
-69
-77
52
-5
54
61
-17
-75
16
-85
-21
-88
-70
-35
12
26
10
17
-2
78
58
-80
13
-93
-97
77
32
74
-58
-81
0
87
28
-84
69
4
-39
-92
39
-69
54
-5
-20
-12
9
-26
-32
-24
21
-4
-50
25
-93
31
-69
29
-75
70
-4
36
-46
-82
97
-52
68
47
-58
-7
-94
-37
-71
-42
-3
66
31
63
62
81
-98
25
9
-75
-27
85
-22
44
49
-64
99
-31
100
-1
-39
34
88
-92
12
58
-9
-44
63
-2
42
26
-27
-100
-62
29
38
36
-80
-34
72
-69
24
-2
60
71
-39
-75
-67
24
-97
67
85
31
11
-50
48
-63
-98
90
77
52
36
37
20
-93
-88
25
-95
-92
39
41
-41
-58
-80
-2
-51
2
-69
4
73
-33
46
-71
49
-12
-62
-19
-74
-4
-13
-29
-78
-12
-62
96
84
-15
34
-15
14
-87
60
-21
28
-55
-87
-33
-40
-18
-5
-2
61
75
63
85
92
18
-44
27
-35
-34
-27
-23
-30
-88
-45
48
-7
52
52
96
43
-4
17
-98
-76
24
-68
46
-86
-62
63
6
28
-6
-85
100
-82
9
-47
-61
27
36
78
-23
-54
67
-49
-97
40
13
54
62
-8
83
32
-64
15
-19
-94
19
-82
-74
-86
-55
20
-32
-86
2
-29
15
61
40
-8
-54
95
67
7
-50
17
-46
61
28
39
88
-31
-76
-71
-51
44
-25
30
18
44
-35
-63
-4
-92
-44
-61
80
52
-61
-7
88
-21
-32
-27
-43
-92
28
-65
93
-38
-53
-60
-50
-5
-23
-81
-53
-13
-61
5
-83
-3
-82
21
66
61
-22
-80
76
-35
-15
-90
41
21
52
-40
38
0
9
49
35
-43
7
-16
36
-10
-22
35
-51
0
26
-6
26
36
-86
79
-68
61
59
86
-76
8
39
-89
-85
-79
-34
88
18
98
-35
-45
60
-6
91
15
-43
-86
-83
-11
-12
-10
-32
45
91
67
-89
10
61
-12
-23
35
96
18
49
-4
43
-36
-54
-43
9
92
-25
2
-96
58
25
91
-92
-50
98
73
-11
-22
5
84
-88
55
-47
-54
51
-80
23
30
71
76
-3
89
-25
-64
-93
-10
44
-92
98
54
-74
-40
67
-14
39
-88
9
-56
-89
34
-91
-65
-56
-95
96
-35
-97
-85
27
36
-99
56
-76
7
-70
-23
-52
87
57
-78
-89
-55
90
40
65
2
83
-30
36
65
56
-25
-46
-87
35
61
-63
5
43
51
-58
77
68
-39
33
-54
0
59
-48
-65
-79
43
26
54
84
70
31
-97
-19
63
32
-89
94
-91
88
32
91
-96
80
-33
-1
93
-97
-18
-11
-64
-58
-61
74
1
18
-31
-8
-21
-8
-88
-68
17
-63
50
0
-12
18
57
3
-74
60
-45
44
76
-6
45
-25
-19
-57
13
-22
-2
85
20
0
5
75
45
10
31
78
-94
-40
40
18
97
86
95
95
-45
31
-22
-89
-68
-22
9
4
50
-34
-45
-1
-53
-100
-63
44
-23
-54
-80
-78
7
73
-8
-48
-67
-86
-17
61
-20
-31
22
-94
81
-9
-90
61
90
-99
61
-57
39
22
-31
37
-64
80
-19
-84
13
-18
-73
70
39
40
-96
47
4
-65
34
-34
-39
-64
-69
50
61
-90
56
3
-87
84
-50
-75
55
-29
-19
37
-12
-3
94
-98
55
-88
-18
90
-9
77
-51
-100
-48
16
-77
84
-50
-69
42
15
-23
-40
-28
46
93
-30
-47
-3
-34
52
-5
63
91
63
-78
44
71
49
30
57
35
21
86
-52
52
-69
-67
-31
-56
-42
-36
-71
71
-66
80
-83
34
-7
-28
-18
98
-69
-87
-79
56
98
-14
0
41
-69
-87
76
82
-97
-12
-68
-91
-22
47
76
-58
-44
-66
71
-30
-13
-69
12
-23
-16
-93
-80
16
-81
-86
-4
25
-80
92
-44
19
67
-91
60
-44
-91
57
-10
79
86
13
-32
0
-33
-35
34
-75
88
51
47
-4
91
93
95
-82
21
52
39
-84
32
50
71
-24
56
7
51
82
-72
10
49
-41
-46
-23
79
37
-67
-47
-87
28
42
-83
50
72
86
-66
81
-56
26
-81
-78
87
10
22
-63
-73
66
24
69
-7
83
0
69
98
-60
-67
-37
73
-94
-48
-40
81
14
-71
28
41
71
96
25
43
-58
87
-92
0
-92
-33
-57
23
-65
66
-96
47
23
-37
58
-46
-75
63
82
-17
3
11
-51
-67
100
-46
-42
83
43
74
18
-4
-18
-87
49
0
-94
63
23
-73
-45
87
79
-28
-72
26
-50
24
-6
-10
24
20
75
4
84
-86
-9
89
-18
-73
24
87
72
-5
-43
-7
-74
-85
59
54
43
60
-12
-69
-91
99
-44
-18
-42
-7
37
-62
92
69
58
-33
40
79
-99
64
-47
-5
71
60
67
-92
13
-1
-16
-13
-47
23
-83
-86
-75
98
-13
12
40
-61
-97
36
-26
-48
-53
16
-81
-31
-69
87
94
76
-37
-46
94
-48
-47
-23
97
98
80
-55
-32
-1
54
-86
-60
-7
46
28
-44
20
97
-69
24
-41
-59
36
52
54
15
29
-77
68
95
18
-40
48
-80
71
87
-97
52
51
-95
88
76
59
-8
86
-87
-59
73
51
1
2
59
-93
-85
42
55
31
-41
18
31
-67
61
-80
67
-22
-60
22
31
-77
-60
19
76
7
-32
-7
34
-89
-9
6
33
50
8
79
-82
0
39
-39
-44
42
-85
-87
53
58
3
-54
59
58
1
-15
11
39
-65
-36
39
-94
45
-77
18
-45
-93
-11
-52
1
22
33
38
69
-99
14
-78
48
62
45
40
26
-28
9
21
100
43
-60
66
-60
-48
53
-11
21
-46
63
-87
92
-37
42
-94
-3
-46
67
-77
-81
-32
26
-98
87
-34
-44
-62
30
-85
-49
55
69
-25
50
16
-36
100
-10
-28
-97
-83
-27
-37
-1
-24
-38
-43
65
-78
-53
-7
-86
-66
-70
-12
76
-15
8
29
-87
24
-27
69
7
81
53
24
-18
-90
24
-42
11
88
-21
-15
35
33
-55
-48
-52
59
14
54
-70
86
-98
-42
-24
-68
9
-37
-45
80
-58
-65
37
-45
13
93
24
78
-56
7
20
9
-21
27
-36
-96
-40
-95
-75
96
28
-89
67
-78
54
42
86
7
61
-74
60
64
93
-71
13
-42
-76
21
-35
-11
14
81
0
58
8
-24
9
-10
94
-82
-55
53
-92
-24
55
-11
-40
89
68
-70
14
-15
11
-99
-29
-97
-77
75
-88
-95
46
7
-5
13
78
11
87
37
-42
-24
20
-67
19
93
-15
-65
-15
20
45
-78
20
-67
-96
32
79
-9
-37
37
-42
12
-45
10
6
93
-11
60
-53
-100
6
-38
-87
-56
-80
95
53
-27
47
-27
-78
72
32
-2
-25
-78
41
38
73
-82
-14
-90
-91
-88
48
-28
41
-16
94
-19
24
12
62
35
-62
-20
-48
-17
40
92
64
-99
-22
45
76
61
69
-67
-27
-62
42
-17
71
65
-35
55
73
94
-9
15
-50
44
-55
15
-94
-77
2
-22
-82
33
62
60
-60
25
-56
-58
91
60
91
-43
28
82
28
39
-42
45
50
-92
69
43
-34
-68
-57
38
-43
72
-99
-74
86
-44
45
-31
-88
-59
-3
33
-47
3
-86
-76
-44
37
-69
37
85
27
-64
-57
-93
91
-54
-71
-78
-32
41
-71
-20
-83
-23
-83
-55
84
-4
-98
-87
-7
-96
-5
-93
-33
34
-20
42
-57
-95
84
63
-11
-74
-28
-62
99
-62
-31
68
-16
-52
-61
54
-7
-19
-43
-99
57
62
100
-4
-30
50
-28
5
20
-96
-33
-25
54
18
53
100
40
-76
100
-6
39
3
92
11
17
6
68
6
-39
-2
-83
84
15
38
4
-21
30
-75
-53
-22
77
-54
24
15
-58
27
-65
-10
-10
6
96
10
-18
-9
68
69
-85
-18
28
-100
14
43
-4
-52
82
-68
-92
87
66
29
21
74
-7
73
-6
71
-79
79
-9
21
-61
40
-68
-36
-9
94
30
82
20
-87
-57
-97
87
-75
-83
87
52
-99
0
-28
-45
-21
-61
-71
-69
-72
23
50
-36
-35
-66
30
-92
62
61
-64
48
20
-75
16
10
22
16
13
-37
-90
-3
28
51
-64
56
-64
-88
66
7
-28
64
95
0
-74
42
-48
5
4
-56
-5
18
-55
84
-45
10
-15
33
-47
80
-16
-43
-86
-32
-45
32
-56
37
-52
-24
28
-35
70
-95
29
39
43
26
-31
23
-39
-16
13
5
-84
13
-53
-57
25
-30
27
84
1
-48
27
23
38
-83
59
-97
97
-95
63
53
11
-72
96
-26
90
18
-97
-26
-28
-61
-14
88
-83
-66
19
-40
-69
44
-58
-13
-77
-14
-49
81
77
68
-25
99
-25
-84
91
90
-68
62
16
27
-51
-62
35
30
-20
-61
99
70
40
19
-81
-35
-79
-40
-1
65
100
66
-80
43
2
-33
-58
-59
-1
-66
-29
-36
14
-36
-41
59
64
57
-88
-55
84
12
-5
37
-36
95
23
-88
-92
69
54
-57
88
-71
-100
-83
-50
94
-91
-66
-78
-5
92
52
-83
-79
82
42
-12
-56
-20
-98
94
89
82
-22
20
20
43
-38
99
-41
92
91
75
81
8
-33
-49
30
28
98
-11
-39
52
15
23
-98
48
-90
-6
-73
46
92
-25
31
-52
100
91
90
93
-69
1
31
-37
-35
55
60
-23
91
-18
62
-69
10
64
45
-16
25
27
-64
33
-46
-20
2
63
-87
57
32
-47
13
59
72
-83
52
-63
-32
67
21
-30
52
89
94
-62
-21
76
-33
87
-96
82
-20
-72
8
-65
83
-42
-24
-80
38
-25
-49
53
54
-63
-51
-18
77
-19
44
-79
-18
-75
-14
63
68
-2
-60
99
-62
-87
-73
94
-26
-34
-18
-46
-57
-29
41
-82
36
-25
-89
75
-46
-8
17
-50
68
54
49
-90
33
-93
97
18
68
76
33
55
-15
-64
-96
-79
-93
-92
68
-58
-51
35
-8
-93
-57
-37
-1
-30
-1
-96
82
85
17
3
-78
72
56
33
63
-23
-36
-78
-11
28
-38
22
24
-81
-50
-79
30
86
-26
-20
80
28
-65
26
-31
-56
-45
27
-50
-92
44
-85
66
-67
87
-55
83
1
-75
-50
-60
82
-28
61
80
99
42
-85
-70
48
87
-52
-79
-45
68
20
39
58
57
96
-92
14
-64
72
-16
-17
-58
52
-31
-55
78
4
-32
68
-29
19
61
-64
-61
-17
-59
2
40
-52
-91
-70
66
77
-93
-34
-26
86
43
45
23
-57
-99
-28
3
44
77
-61
48
16
-89
87
95
-91
-89
22
14
22
70
83
5
86
-67
-64
67
-81
-43
-7
-2
64
53
-84
-5
53
-97
-90
3
66
-7
-100
43
73
-60
-39
32
67
-56
47
-9
-70
-92
69
77
30
53
10
83
88
-63
35
17
34
-61
-8
-37
28
36
23
14
50
32
-99
99
-24
78
7
-90
-95
71
-79
1
67
60
39
-4
-40
75
24
-9
88
2
28
94
100
-38
-93
-16
-42
-94
68
54
-61
-8
-30
-51
-9
75
-91
-48
-45
-39
33
-60
97
100
85
25
-64
47
-8
55
78
87
29
9
65
92
-57
-30
-14
-11
-36
-73
56
8
-5
26
90
-9
45
-49
-69
-46
27
-75
-35
0
76
26
-6
-59
-43
-65
-50
-14
-88
88
17
-81
91
-77
-63
-61
-92
-4
-5
31
80
81
-30
21
-41
89
-92
6
91
54
-55
-8
38
-65
-88
0
-39
-84
92
22
80
-63
23
-26
-40
100
-28
-76
93
28
52
16
-77
87
-10
96
-57
-35
92
2
97
64
-48
5
99
68
-95
-57
-5
-62
28
-52
-20
-43
-36
-15
-29
-4
53
5
37
23
-47
10
65
-86
93
35
-89
33
-16
39
-54
-81
75
-46
-37
86
47
-88
-34
-73
48
31
43
7
19
-90
-30
-74
14
-15
-46
66
-52
-49
67
6
-35
-93
-48
36
-77
-43
46
68
45
-87
-73
-70
-30
30
-14
12
-62
84
71
2
-54
85
71
-69
-67
73
-70
13
78
-27
-94
-8
67
66
15
67
34
100
-80
75
84
7
71
79
81
-84
-63
95
32
22
64
-11
-87
36
-85
-5
-59
29
-48
-94
75
-29
-37
-73
-95
-36
-62
-28
-57
-1
32
-27
-99
46
41
66
-97
97
71
-71
-70
-42
-89
-86
-18
18
-76
-54
-43
-24
62
90
72
-68
21
-63
-8
-11
-81
38
-7
-9
31
-50
4
-14
43
89
95
61
-69
-6
-88
65
-53
49
55
27
-31
-57
-22
-73
56
83
-76
-74
81
59
-17
-92
-96
20
-67
93
6
-49
83
-30
22
42
-77
-51
10
87
-40
18
80
14
-92
97
-99
73
-26
52
97
-46
40
-87
-9
28
26
58
50
65
91
-81
-80
-93
-50
-87
67
74
-75
98
-22
-37
-76
81
-87
-44
-8
81
-82
-55
6
46
-1
-12
50
71
18
-22
-48
33
-80
-90
38
4
22
-19
-85
-70
79
5
3
70
-73
84
63
91
-34
37
-75
-14
43
-34
7
78
-48
17
-8
78
-59
-82
-74
-79
14
-23
14
-52
40
99
-72
-100
-44
58
-18
-37
-41
3
-22
-70
-96
34
-98
62
-74
63
87
30
47
65
-85
-41
-82
-58
-82
-70
-36
2
-97
-39
-70
-74
17
64
-58
-30
-48
88
-96
-6
66
-25
-76
28
49
-20
-68
67
8
-45
20
-40
-73
13
-89
43
-96
88
-22
-30
81
-47
-68
-84
-58
55
-64
70
67
-62
-96
79
6
10
-9
35
-99
-14
-17
-96
61
-31
24
91
90
67
37
-70
3
-25
16
-91
79
2
4
-65
-91
98
-66
5
-31
27
-81
-33
-43
-20
72
28
-3
31
13
85
50
15
-2
16
-63
-34
-80
34
-86
-52
26
7
-18
91
-85
-75
35
37
80
69
-57
-28
-8
-59
-31
-18
-61
-91
-38
95
-60
74
69
-59
40
66
36
-61
-11
-44
-63
97
60
91
2
-78
-32
9
56
17
44
-61
-67
-63
21
-95
-6
-20
-68
-80
-17
-53
17
-99
-62
-10
26
-100
-8
-68
-24
2
70
-53
70
-68
-65
-30
27
-24
-20
-10
32
-74
62
14
18
6
82
-1
60
-43
43
26
47
-6
-92
69
67
16
-28
-2
-94
-41
-17
75
-52
70
-88
-24
-50
22
23
2
43
-34
-69
71
-74
62
-9
-72
65
13
93
-21
36
-76
64
27
-83
-89
36
95
89
13
-36
-28
67
80
-87
-95
78
41
-35
-14
-75
72
28
47
9
-87
76
-60
-60
-67
99
-4
-40
-4
-24
15
52
-77
-48
-69
-58
-22
81
38
-67
70
48
-23
-79
-38
-98
40
71
35
-89
-59
93
32
-83
76
-61
-87
42
-68
67
-58
77
-67
70
-30
-66
-20
13
48
92
-26
-51
58
-86
-47
32
100
50
-27
49
-6
12
-24
-73
22
37
-62
-99
62
20
-99
40
12
20
-57
10
-81
94
42
-82
-95
65
13
71
63
99
7
36
69
-17
-21
-72
-78
-27
-64
55
19
-58
87
-88
-12
80
-6
4
58
-4
-63
-57
53
-100
-16
-28
26
-86
73
-27
-35
30
66
17
29
-92
90
90
44
-65
3
46
80
-90
19
-2
8
-36
74
89
-75
-2
-19
-23
26
87
85
23
-12
-86
-41
-30
-78
-2
-40
-77
-26
-71
-42
5
-100
-36
77
73
37
-21
-10
52
-59
-89
49
19
34
-67
-2
8
-67
46
-97
-70
-4
-86
-5
76
-58
68
98
17
-93
45
-70
-31
85
-100
-67
-17
32
-93
1
81
99
-56
-21
42
-13
17
-79
-5
7
-93
-25
87
-15
-75
40
89
-29
-67
59
1
-85
84
64
-39
18
14
-40
-38
7
-82
-98
-47
-79
49
22
37
-12
-52
-54
-12
92
-10
6
-20
6
-20
25
2
32
-93
80
40
-99
-51
-90
-40
-7
-66
18
7
43
28
11
-85
16
-100
13
80
-16
34
21
89
-44
5
37
-96
72
-87
40
34
90
35
-42
-29
-100
58
64
75
73
-88
-63
-11
25
56
16
63
6
-34
74
-17
-66
-29
24
47
-96
82
-71
-7
-32
-46
-61
18
39
53
-2
-93
-94
-95
60
-60
39
12
-79
51
-2
-4
80
66
16
-61
-53
-23
-94
-60
12
-25
-61
-56
65
-90
-2
-47
-63
-82
-30
26
-91
-67
-99
-18
81
26
69
-27
-48
-10
-46
55
-88
19
-49
85
-18
-70
-98
40
30
20
-97
1
92
-95
-51
-51
37
-84
86
70
40
-75
-76
70
-54
-38
7
-54
27
-87
-95
-84
39
58
-16
-35
-97
73
-71
37
-34
53
-6
5
-98
39
23
62
-60
-53
-56
35
48
17
14
4
-15
-30
41
-93
99
-17
-49
-7
-64
84
93
71
49
-56
1
-100
-37
-61
5
-75
-90
-86
83
16
59
84
81
-40
76
53
93
77
27
-58
-32
58
-83
-85
21
34
-93
5
12
-42
84
-14
58
-42
-48
100
49
6
39
-37
42
-43
81
27
96
-28
83
-19
-67
57
38
93
-54
-95
-77
61
-53
72
34
60
-66
-47
87
-59
21
94
-75
-47
-11
0
82
-31
77
21
-13
91
-9
-8
50
79
39
12
-95
39
43
82
-89
-2
-56
-42
97
-77
35
-45
10
94
85
66
51
58
78
-53
-64
-7
67
-2
88
59
85
94
93
-94
-92
-93
-57
-3
-93
-14
84
99
-58
96
-31
-91
52
0
34
-57
8
-9
-20
30
-16
-59
-71
-45
87
31
99
-33
27
-93
99
26
-79
45
-73
22
-11
-59
36
4
91
-60
28
13
36
3
-47
-91
-66
30
-32
71
50
-22
24
23
-5
75
-19
-89
-27
-26
-68
-2
2
-90
1
-16
2
-1
-64
1
41
35
-3
42
84
-23
-51
95
86
45
96
15
-86
29
-68
-53
-82
-4
87
3
99
42
-4
52
-81
-72
-10
4
52
-20
-91
82
84
31
-58
75
-63
84
75
96
-32
85
-53
68
-2
-61
-65
-68
-51
75
-17
-56
92
-23
-97
-1
77
26
71
71
-45
-32
82
-86
-26
-94
59
-67
-68
42
-78
-71
-61
-14
0
72
-80
-86
92
45
47
68
43
37
-100
53
-25
-15
-49
79
-17
34
-22
-12
15
23
-67
-46
14
7
62
13
-67
15
47
-87
12
56
40
-92
2
-87
45
-15
-7
92
35
1
12
67
-99
13
-61
37
-62
-35
55
-15
-58
-46
-65
64
-77
8
62
24
-41
47
-5
-100
52
58
-33
70
-80
-100
15
36
-50
-90
34
-37
-50
94
41
11
-90
-92
70
9
-77
65
-29
65
-86
54
-96
-76
54
-84
17
93
-41
72
-17
90
-9
92
60
-84
69
37
43
-64
-33
7
22
92
4
-40
-90
-42
-97
74
84
20
-66
51
-57
92
19
-61
66
48
-92
-40
60
8
-95
38
45
86
43
-27
20
59
-71
27
-38
-48
75
-61
70
-69
-23
-23
41
94
62
-42
-4
69
66
8
31
-89
-84
6
-72
-84
26
-17
-4
-67
34
81
13
73
-12
-64
41
-51
-25
95
-83
55
35
32
-39
-67
45
34
50
44
-93
-8
-38
71
57
58
-77
77
-97
-27
39
-6
99
-82
-79
16
76
-25
49
20
33
15
75
75
-57
48
1
11
-78
-97
-87
39
-70
-25
49
27
-9
-60
-100
89
41
-11
-10
-25
-78
-83
-65
91
78
-19
63
97
0
-69
60
72
-15
27
-64
11
84
24
-41
73
89
48
-91
-71
-18
-51
-38
70
-57
12
-58
49
-81
-4
20
100
-41
-28
-93
-89
-98
56
-65
51
-82
33
-62
44
55
-53
-77
43
56
86
-55
-1
19
12
-59
-62
-78
-80
-18
43
10
30
-47
54
-18
64
89
-5
27
57
-97
30
-57
-85
43
-35
18
-44
-64
-5
43
85
-89
12
-75
2
-49
-76
6
-55
8
91
-82
59
86
53
97
-77
35
-51
66
-19
-50
-3
1
-68
-32
84
97
47
-90
45
82
-60
-24
-5
-64
-77
97
-18
-46
-79
-43
45
61
-14
-87
55
-16
-97
54
-14
-24
66
-18
-71
-51
15
-37
-66
88
-28
23
42
52
-4
-50
-35
-17
2
8
-70
-82
-22
96
11
-26
94
-22
56
72
-65
1
42
-52
26
20
-46
-62
55
37
55
15
-29
54
-47
-5
-80
-87
-5
41
-44
-38
-45
-40
-19
-92
54
-58
-56
47
37
24
-29
89
1
-59
59
65
95
93
29
-26
51
65
43
51
91
19
100
17
15
-57
47
79
90
-10
77
27
-13
-79
74
-9
76
3
-7
-25
-41
-33
-59
-50
10
-58
-84
62
-74
-82
-67
-7
-76
-28
50
-7
34
92
-96
86
-82
46
-5
-22
-9
-6
2
17
90
-73
10
17
-57
-69
65
73
27
28
85
73
-69
90
21
-18
-25
50
63
-37
-41
-100
61
45
87
35
-26
50
61
93
-64
74
-5
-3
-47
-63
87
46
-18
-35
99
-90
-90
3
-25
-24
65
33
-14
11
15
-20
-80
65
-66
-93
58
-64
55
-19
-100
34
3
69
-84
-58
-82
68
-69
-12
-13
81
42
55
22
90
98
-85
64
-48
8
-61
-46
29
-72
6
39
60
-24
31
-50
-90
28
-26
-7
42
-65
89
90
-23
-46
34
-18
21
75
-20
-80
51
53
26
-33
59
48
21
-20
-16
-8
6
-29
58
52
39
20
73
29
-75
-8
7
27
42
-30
14
70
-95
36
8
-77
94
18
-92
41
-52
73
-60
11
-82
7
-88
-56
59
87
-5
-67
-14
60
6
-61
81
-87
16
-58
-32
5
64
31
-30
-60
-85
16
93
-61
-79
-55
-44
-95
-10
-10
33
-73
42
60
-71
-49
69
71
-47
74
-72
90
39
37
16
47
-31
-23
39
89
99
-12
10
47
36
-59
-72
-19
-40
60
-82
-7
19
67
-18
-31
11
54
-42
-5
-32
-89
-47
-75
-91
70
-71
99
71
-4
-61
11
63
47
-51
80
99
3
-19
55
-12
-52
-90
20
1
9
-94
-28
-85
56
-41
-8
-42
17
-73
-98
29
-74
55
-20
-51
42
-89
17
32
20
59
-35
-5
-2
1
-14
-20
44
6
52
3
-69
95
-20
85
44
8
-5
-74
-63
-48
50
-88
55
-77
48
60
-50
-46
-46
-15
-9
-7
-50
-4
-57
-67
16
-94
2
-22
33
-35
2
85
98
96
-16
-87
-41
43
83
68
-56
73
0
-61
27
94
-4
-16
-1
54
-21
83
38
-64
45
67
-30
69
4
-63
-47
48
-17
-67
80
95
-85
-84
52
-6
43
-4
-55
-3
30
-64
46
-5
-78
-19
-93
-30
16
-63
24
-11
74
22
100
75
99
-49
77
-71
22
-17
-83
80
-86
6
80
3
-90
-21
82
46
-56
94
-70
81
89
47
-91
-68
94
-1
28
-3
87
24
-44
62
-13
64
-69
62
-98
78
56
46
-90
-25
17
-20
-49
-74
-68
40
56
-16
27
38
60
-12
71
67
95
20
95
57
75
-73
25
-17
78
39
28
26
-25
21
23
42
-34
1
-45
-55
-74
65
-52
12
3
-30
-34
-35
-36
82
52
24
73
60
-30
55
46
-34
100
-55
87
-46
-35
34
33
90
-62
5
74
-46
9
27
-3
64
-14
53
-51
17
-1
-17
61
-80
81
-71
69
-73
-70
-61
-29
-84
97
-42
-26
38
-13
47
86
70
36
-7
-3
93
-53
14
-56
-56
48
57
18
22
18
91
-44
-87
18
87
76
65
-51
-64
68
-85
40
-54
-63
-57
94
-24
40
51
51
-10
29
-41
1
-46
-9
-49
95
59
59
100
38
-2
-75
54
75
-94
-45
77
-96
-98
-35
10
37
50
36
-65
78
-18
-28
-37
92
45
-20
64
67
38
-92
-44
92
22
11
62
-83
-78
-62
99
-56
-51
-61
-58
-94
-33
-78
86
0
-42
91
-21
-18
-12
-97
-56
-61
56
85
-13
-49
53
33
-29
44
78
77
-65
-46
50
28
89
30
57
-56
82
-47
25
-13
34
-12
55
-100
54
-38
-25
81
-34
-91
18
-27
19
16
-30
-46
-26
-9
60
15
78
-62
92
35
-15
92
-48
-81
-8
5
52
78
90
-44
77
-19
22
-16
100
62
54
1
32
44
14
-10
84
55
67
43
39
-97
-5
88
56
55
89
40
-34
66
48
-55
-88
90
-9
31
-5
-48
21
59
86
-53
50
45
11
18
-40
90
65
-65
-35
97
31
-32
42
99
87
-85
-24
86
84
58
-16
-46
36
15
-53
81
77
2
-15
-54
-32
23
-98
40
-92
-47
24
34
17
-89
-80
49
-32
-49
7
-95
-7
9
55
-17
-70
63
9
-45
77
-42
-94
95
11
3
10
61
86
94
-48
24
44
-29
-4
23
74
-55
-53
62
-26
-11
-99
-91
66
6
74
51
80
-15
-14
-47
64
-14
45
-71
-31
-5
-56
66
-52
-65
29
-55
-51
55
82
24
-30
24
56
-57
3
-92
25
-95
66
-65
38
-50
78
-67
67
90
73
84
1
-91
93
-68
-15
32
-31
-58
-96
-88
0
-16
15
57
39
19
77
-96
100
-10
89
-88
-78
64
94
27
10
23
51
-7
-72
-65
-37
-46
22
-36
-69
2
-82
-71
57
30
7
7
-38
6
85
88
46
8
65
-29
-8
15
-44
27
-60
88
-100
-81
-97
79
23
96
-100
-99
-45
-94
74
-29
-73
-87
91
6
-37
-44
93
45
53
-17
92
15
55
-53
-53
-26
-5
-81
78
-34
49
55
83
-83
81
-90
-60
-91
-50
84
-43
15
89
-71
-94
62
-48
56
37
-20
12
89
6
93
-40
7
19
-83
13
15
86
70
79
99
-94
63
-94
-51
83
-42
-17
-90
-60
-14
-4
46
-71
50
-12
-46
76
-94
56
-95
75
-60
47
17
46
77
79
-70
91
26
76
-98
-42
-67
-41
23
-98
35
-61
-3
-78
48
75
18
-85
-35
-77
-62
-48
-57
-41
72
-39
70
-1
-75
26
86
68
-38
-95
83
-24
-32
-3
-82
47
-1
40
-49
-58
26
39
-83
-48
81
50
-84
91
76
45
44
14
-44
25
-77
40
74
-92
7
-28
23
9
-43
-81
87
-84
81
-44
-62
-27
19
12
30
83
-30
-66
-12
21
49
65
-100
69
-42
-85
-87
84
25
-71
48
-88
-19
-54
-49
2
63
-86
25
88
25
87
20
-89
43
-52
94
10
-54
85
58
-35
17
-19
4
89
-91
66
19
70
79
62
34
-23
38
-21
-48
-21
-72
28
-84
-67
54
68
77
-6
-50
30
92
96
-43
98
78
85
-32
58
-11
-21
83
-45
7
19
51
46
46
-95
-21
12
41
-89
-50
-7
-70
-71
-97
-65
80
92
-37
79
-19
-41
-4
60
-64
86
74
0
5
-17
68
-24
-4
26
-35
58
55
-59
96
-59
49
50
-17
-99
27
-59
80
-16
-7
-77
-74
-36
37
80
-100
49
-18
39
18
-95
12
-55
22
61
17
15
-29
24
25
-66
-70
57
-48
59
20
97
-1
30
98
16
-71
-49
70
91
-72
-20
-43
-68
-53
49
-8
-34
-64
-67
-59
11
-27
72
88
-57
-20
60
97
61
-61
-92
-19
-51
-83
78
-62
47
-34
-23
-21
-66
15
-85
-75
77
15
42
-61
-40
86
-55
-84
29
17
65
57
-97
74
-22
83
-5
-32
-61
41
19
69
17
-89
-55
-37
-3
-2
23
-84
57
43
90
13
-27
-66
84
8
-4
40
-39
-57
89
71
-45
68
48
-37
-54
6
-20
99
-15
34
-60
49
18
39
39
-18
-40
49
81
19
-29
-76
-76
5
-48
80
-73
96
4
72
-24
-99
-77
-6
25
-46
-85
29
35
41
90
-36
-86
-97
-2
39
46
85
97
55
-54
53
93
2
-45
-91
-3
-16
-26
62
-31
-74
77
-6
-91
-7
-52
70
75
47
-73
-36
-65
-63
64
37
-55
-44
-80
-16
7
64
64
-67
-32
72
-38
80
-11
67
-1
77
-10
47
23
-80
-12
35
23
91
26
25
-37
71
-34
39
77
-12
90
-73
-50
19
76
-11
-31
-76
-18
16
92
-84
-70
-31
-6
-14
-49
-95
-69
-39
-28
50
6
98
-37
-67
92
11
-93
9
75
-20
19
-28
86
35
-71
-6
30
-63
34
-91
84
51
-72
47
56
1
59
-20
-36
-93
-19
87
-44
-76
99
85
41
-67
-1
41
-90
-31
66
-22
-96
56
-33
-35
-6
90
-62
-6
-25
7
70
-30
-54
95
-30
-6
-9
82
-91
6
-71
-92
71
55
-71
-21
53
-19
56
85
-68
-1
87
55
-84
-42
-5
3
-66
-41
-71
91
77
33
-100
-47
3
40
2
66
-50
27
78
-25
-65
-37
-14
-53
89
89
22
100
7
-82
63
74
-7
68
30
-84
-47
50
11
18
-24
-95
86
-9
74
-26
-77
-46
-78
55
-7
41
-38
65
-1
-90
58
16
3
-16
-45
-6
100
-24
-96
92
92
86
-42
-62
82
9
-8
-68
36
-98
-3
93
12
-55
19
-93
54
65
-23
79
-74
-62
8
70
-24
-52
92
-79
52
30
-15
62
79
65
-30
100
-81
23
-63
-41
-27
46
-29
-51
-8
-44
10
-90
-62
16
1
14
-51
-91
22
76
-86
33
33
21
-48
-37
83
31
-90
-41
-92
-92
7
93
45
-63
80
2
-91
-34
56
-1
21
54
29
88
12
100
-58
-100
-50
-79
68
-45
39
12
32
-34
49
-27
-42
-45
90
55
83
77
-46
3
34
-31
12
73
51
-19
-52
6
-93
-61
-56
-34
-95
31
65
-75
67
-98
-10
78
32
34
-48
-62
-74
-83
-39
-11
40
19
61
-41
28
-9
61
16
-98
89
80
-30
90
98
15
-54
48
-86
-90
-32
0
-27
57
-36
-37
-51
-21
78
-56
-5
-78
57
70
-17
18
45
17
-42
-34
99
75
22
79
-23
-4
-44
-61
92
-88
65
-93
-59
20
3
-68
-35
61
93
3
6
-73
-40
-18
-35
-26
-97
-99
-93
13
-97
-73
5
63
63
-92
-49
-41
-53
55
21
43
30
-19
22
-18
19
65
-99
-57
-10
69
66
86
21
98
26
51
12
-58
-24
45
11
65
-34
-85
31
68
60
-4
-7
-34
69
100
89
-30
-26
-3
14
41
57
-18
-56
-34
4
-53
65
-41
13
-11
-28
17
36
24
-27
-98
-85
-9
32
4
-87
57
-62
15
11
56
-55
-81
-87
76
-26
54
-53
66
3
85
-65
84
-21
-78
86
56
19
-52
17
81
31
-51
91
91
95
-31
8
-15
37
90
-84
18
54
28
-49
-82
-95
8
-10
47
23
84
82
85
69
97
77
-42
57
88
-28
46